552.5 -10.31041966739196 54.475865463078009 -44.165445795686047 -90.0 0.0 0.0 37.5
452.5 -10.31041966739196 54.475865463078009 -44.165445795686047 -90.0 0.0 0.0 37.5
452.5 -10.31041966739196 54.475865463078009 -44.165445795686047 -90.0 0.0 0.0 37.5
382.5 -10.31041966739196 54.475865463078009 -44.165445795686047 -90.0 0.0 0.0 37.5
382.5 -10.31041966739196 54.475865463078009 -44.165445795686047 -90.0 0.0 0.0 0.0
552.5 -10.31041966739196 54.475865463078009 -44.165445795686047 -90.0 0.0 0.0 0.0
552.5 -23.498485202794843 61.859786347934694 -38.361301145139848 -90.0 0.0 0.0 0.0
452.5 -23.498485202794843 61.859786347934694 -38.361301145139848 -90.0 0.0 0.0 0.0
382.5 -23.498485202794843 61.859786347934694 -38.361301145139848 -90.0 0.0 0.0 0.0
382.5 -23.498485202794843 61.859786347934694 -38.361301145139848 -90.0 0.0 0.0 37.5
552.5 -23.498485202794843 61.859786347934694 -38.361301145139848 -90.0 0.0 0.0 37.5
