Riser,Shoulder,Elbow,Wrist,Gripper
0.5525,-10.31041966739196,54.475865463078009,-44.165445795686047,0.0375
0.4525,-10.31041966739196,54.475865463078009,-44.165445795686047,0.0375
0.4525,-10.31041966739196,54.475865463078009,-44.165445795686047,0.0375
0.3825,-10.31041966739196,54.475865463078009,-44.165445795686047,0.0375
0.3825,-10.31041966739196,54.475865463078009,-44.165445795686047,0
GUI,TAKE,a1
0.5525,-10.31041966739196,54.475865463078009,-44.165445795686047,0
0.5525,-21.285711263667555,83.021141389671271,-61.73543012600372,0
0.4525,-21.285711263667555,83.021141389671271,-61.73543012600372,0
0.3825,-21.285711263667555,83.021141389671271,-61.73543012600372,0
0.3825,-21.285711263667555,83.021141389671271,-61.73543012600372,0.0375
GUI,DROP,a3
0.5525,-21.285711263667555,83.021141389671271,-61.73543012600372,0.0375
